0a 84 c0 02
63 80 fe 02
61 60 c1 29
76 40 c1 29
77 20 c1 29
78 00 c1 29
79 e0 c0 29
7a c0 c0 29
7b a0 c0 29
7c 80 c0 29
76 80 c1 02
7b 80 c0 02
29 05 03 14
29 01 a6 03
09 00 00 16
29 01 24 03
29 01 c0 28
0d 24 8c 02
2e 01 15 00
cd 09 00 5c
00 0c 00 50
04 04 80 02
00 08 00 50
04 08 80 02
65 15 04 14
a5 c0 b7 03
05 00 f0 17
06 00 15 00
07 00 15 00
0d 00 01 14
8e 00 15 00
ae 09 00 68
00 10 00 50
09 e4 bf 02
09 00 00 16
00 60 00 50
77 a3 ff 29
78 c3 ff 29
79 e3 ff 29
97 00 15 00
18 00 15 00
d9 00 15 00
0d 03 15 00
ee 02 15 00
ae 09 00 68
00 28 00 50
04 03 15 00
25 03 15 00
6d 15 04 14
ad c1 b7 03
0d 00 f0 17
a1 01 00 4c
89 00 15 00
18 07 c0 02
2e 01 15 00
c0 09 00 5c
ff d3 ff 53
09 03 15 00
77 a3 ff 28
78 c3 ff 28
79 e3 ff 28
09 00 15 00
29 01 80 02
61 60 c1 28
76 40 c1 28
77 20 c1 28
78 00 c1 28
79 e0 c0 28
7a c0 c0 28
7b a0 c0 28
7c 80 c0 28
63 80 c1 02
24 01 15 00
20 00 00 4c
